17
13 27 45 51 52 69 73 77 90 94
23 3 40 41 46 47 53 57 58 6
0 11 17 43 67 74 75 78 79 80
99 34 21 8 65 48 97 99 73 37
2 24 25 63 64 66 75 77 79 97
98 45 93 7 34 62 80 95 53 17
46 88 34 49 86 95 9 69 94 14
94 48 3 51 75 70 0 39 26 81
58 78 52 15 28 4 97 44 77 85
22 23 27 28 45 48 53 6 82 82
49 56 63 52 63 51 60 100 20 67
45 0 20 5 41 55 20 100 5 79
10 21 23 42 58 71 72 75 83 9
17 37 91 28 64 30 35 25 87 63
20 26 39 42 43 57 60 70 88 90
67 15 43 77 68 17 40 94 68 89
0 10 19 28 3 40 40 42 79 95