10606
22951
27051
9323
26810
17792
4942
18030
10038
13384
26228
16265
22315
14574
26962
27250
3298
29579
29368
15879
29634
9921
28482
17577
23537
8398
26686
22435
7651
9565
28842
21981
15846
8482
18191
15164
26058
28928
18920
66
18722
23589
5464
28446
6006
8740
5140
13186
12292
29580
12990
28713
5331
29446
8428
21293
8511
2792
24424
15607
29209
19305
11197
9681
20291
2867
15839
23980
16079
15483
7168
24166
7421
22111
18959
13806
9186
6757
8362
20026
23837
15007
15493
25399
18048
18753
24552
18919
19131
17321
12687
23989
1529
25411
9999
14031
15483
6904
1673
11717
9871
1368
12732
9370
29777
26128
20029
27024
2478
2371
26173
9501
21992
20557
21568
13957
14237
26558
21245
28127
16474
23016
12745
1957
17497
29982
20613
20162
26070
912
23363
23993
12469
18738
10975
29705
6880
21062
11083
13207
1459
17980
14831
9642
8770
1534
20312
23684
4509
12379
22195
22805
18261
12685
7274
3211
18406
25903
550
29016
25876
28988
11333
20708
19275
20753
803
5464
16932
29391
14107
19743
4569
25683
9579
13808
7595
25606
5091
5272
7694
28647
17678
29956
12300
10153
28606
18192
6724
10526
24479
17154
23233
28518
21429
3790
18305
25723
9856
5961
6957
16612
13026
12919
23375
30070
14056
24960
5454
18080
6620
19798
18010
11107
21802
7163
15658
30062
14259
19335
14415
2205
9461
3279
4488
28545
28144
9565
19745
11884
24843
7084
27944
14660
13769
7365
26928
20841
26384
14917
12409
17606
1901
19334
9548
19167
16716
25433
17131
7166
8471
9022
14226
569
19238
16295
24886
16961
15564
28203
27465
17942
5733
21857
29480
27562
15357
24959
814
15017
14932
23254
909
15142
9145
11356
24307
24418
10107
27611
7146
11462
22794
2205
11483
27996
26511
11751
29748
12070
586
28380
12938
16461
25309
27512
7914
16980
10922
21360
8821
19049
29772
1874
2777
26376
21496
14147
26706
11945
8841
17355
9493
4208
3535
17625
14237
25878
3312
12705
6946
23678
17900
24907
27728
15007
9364
13444
4385
28951
18393
18223
9959
12796
8175
5611
12093
22449
16348
14093
21629
22708
18335
13971
20705
875
11977
25771
4338
21960
8951
3834
11370
8488
15735
8336
7139
13458
27967
20720
23884
14141
21926
2196
16032
22951
27995
27091
20174
28256
9925
10562
24207
26248
14928
13326
13886
26861
14243
4104
28888
24650
12840
9735
23199
29659
17764
19640
27287
19984
8558
16596
29351
8351
2465
1750
27373
23074
25903
19445
18555
27200
30085
1507
5662
22866
4424
29490
25347
12490
5500
4934
22560
12705
17023
15825
7544
14760
28659
19193
19072
7395
22714
23624
7818
10586
28574
10844
8976
6212
25509
22889
25583
29489
2170
2574
8999
27614
26047
26365
12026
17963
9343
25470
13256
4832
24722
19552
29806
25640
10396
19193
27110
17885
29018
20796
22919
22933
19415
3137
2051
325
24591
9450
1619
4452
10372
27212
2294
1799
1806
15693
23219
13963
17265
24672
8305
22459
14400
14194
26261
20970
22919
11453
12300
28955
20258
14710
16882
9629
10053
14782
17439
29984
24185
12181
26055
10094
4909
30123
