100 8
3756 5115 4640 0553 1637 3756 5115 4640 0553 1637 3756 5115 4640 0553 1637 3756 5115 4640 0553 1637
3756 5115 4640 0553 1637 3756 5115 4640 0553 1637 3756 5115 4640 0553 1637 3756 5115 4640 0553 1637
3756 5115 4640 0553 1637 3756 5115 4640 0553 1637 3756 5115 4640 0553 1637 3756 5115 4640 0553 1637
3756 5115 4640 0553 1637 3756 5115 4640 0553 1637 3756 5115 4640 0553 1637 3756 5115 4640 0553 1637
3756 5115 4640 0553 1637 3756 5115 4640 0553 1637 3756 5115 4640 0553 1637 3756 5115 4640 0553 1637
5 2 3756 8653 6033 3635 5602
5 1 3756 2548 3568 3688 4781
2 1 0553 0020
8 6 3756 2346 6251 1625 5033 3332 2324 3246
3 2 0553 4360 7547
3 1 0553 3408 2734
1 1 5115
8 1 3756 0720 1552 6783 7477 3162 8201 3062
1 8
4113
4 2 4113 3150 2481 8487
6 4 4113 6265 0527 6406 7827 1186
3 1 4113 5448 7383
9 3 4113 6762 4728 8851 0218 3755 5508 4002 8371
6 3 4113 6376 5102 1821 2467 1721
2 1 4113 8621
8 6 4113 1268 3008 3655 6061 0081 2446 5124
8 2 4113 4441 0727 6177 5121 8310 3355 0025
0
