5000
7 9833
1 811728
3 504840
1 107497
4 906394
9 688062
4 326666
5 44409
8 858395
8 729871
2 157270
2 275513
3 515796
9 70832
7 531829
1 299770
3 612637
5 112851
8 849333
5 963333
9 246666
5 438581
5 899669
7 977438
5 471275
8 580192
1 244046
9 989813
1 94285
1 851437
6 968278
2 41662
9 828117
9 700043
7 578466
5 492220
3 185868
9 287461
9 58604
1 742951
1 767827
4 252998
9 359641
6 343378
3 832971
1 869370
2 839541
6 310613
8 299959
3 46706
6 423846
3 744593
10 572165
10 892030
5 506310
1 71068
1 831278
7 781256
5 859099
1 494363
2 693998
6 150731
1 72114
6 491950
9 376365
1 465344
3 290957
5 432863
5 760241
3 70251
1 273072
0 651981
0 6497
4 883225
0 31594
4 562217
3 609408
8 134691
6 586441
9 636638
10 36814
10 612442
3 592166
4 342550
2 350561
8 118102
5 862119
4 359586
7 451761
6 92339
0 58442
2 663816
9 845399
6 615881
4 67420
0 309912
3 68818
3 243351
6 829735
2 993415
3 178621
3 376960
4 645142
2 725117
8 940506
1 137086
9 221103
1 199589
1 616581
4 936770
1 984910
8 689911
7 494679
8 217170
6 428830
3 550595
7 554212
9 50985
8 507798
2 660775
4 913090
9 570896
5 359195
1 389662
7 950239
5 430052
4 864239
5 916311
2 248247
8 751630
6 820520
0 985732
0 750674
7 274498
7 745213
4 433368
5 778546
5 652021
10 578497
6 59978
6 800585
3 111024
10 806714
7 688956
1 101681
4 927974
1 774797
9 488108
5 744156
4 429371
7 207500
8 887936
0 466344
4 473418
1 208961
4 678442
8 413019
2 619975
2 260126
2 116493
7 842201
2 445844
4 983573
2 125779
5 202874
4 712403
3 695256
5 921390
2 228147
9 342633
5 12713
1 641044
6 938386
6 414563
6 39258
9 815004
9 698851
10 628161
4 893694
4 756707
5 726367
9 952707
1 605078
8 206141
1 689569
5 411683
2 642071
4 807998
4 297235
4 212201
1 596397
6 256637
9 19254
6 676007
6 789947
8 189890
4 334757
9 679091
2 825067
1 163735
0 151932
9 556937
6 347544
6 289873
9 294073
1 682438
1 541834
2 368244
8 196372
8 173510
9 128066
5 596500
3 208003
6 437442
5 880335
2 188483
8 144026
7 509003
10 935841
9 483724
1 981629
5 389344
7 414381
0 380005
10 845261
2 842728
5 117741
7 171010
6 675165
4 358109
2 328517
7 121098
8 223864
4 232606
1 977886
3 359228
4 275106
2 983892
8 701871
7 924071
1 229831
6 548526
3 555627
0 42332
7 453656
6 973283
7 405274
0 972323
8 30441
5 556476
5 266815
0 994815
5 816442
4 646338
7 111670
8 383190
1 939603
4 553466
8 908347
5 434947
8 138503
4 284383
7 919802
3 896570
1 585493
4 53226
3 525994
3 363799
4 88566
6 778609
5 91184
1 489340
7 816467
9 22685
2 645508
0 80038
6 941602
1 79438
2 400345
6 415545
2 845255
9 169237
9 367019
4 370515
1 779658
3 946682
5 598367
1 172367
10 131440
7 778779
7 822700
3 876624
8 680980
1 500469
8 489693
5 891887
3 502215
9 604541
10 497728
4 136450
4 397406
9 72967
10 122227
4 658612
10 11422
5 306687
6 914511
5 802692
8 20050
9 860873
5 590701
2 252799
5 36875
5 942704
7 180208
0 536374
4 133262
1 878692
8 953337
8 819547
2 115958
5 8572
6 897528
7 76329
7 956869
8 712802
9 761785
6 963680
1 19511
9 530708
7 938804
2 984474
9 976701
4 576285
3 704340
6 770405
8 563991
1 708704
4 583353
3 566856
2 563395
10 164553
5 862442
10 251758
5 661924
0 608834
3 518122
8 470488
6 79481
5 811753
8 80459
6 718819
9 110624
1 408346
3 201604
8 455961
6 974748
1 447946
1 948748
1 579724
8 619205
1 690544
9 91044
9 845838
5 369897
0 857073
2 900002
1 63447
10 573872
10 290633
3 232924
5 148831
6 628465
5 735704
9 918871
0 369364
10 41489
8 192366
4 716729
8 359758
7 417041
9 52565
5 364873
6 742608
7 511429
5 975455
5 491992
9 435284
10 753757
7 208843
4 408577
6 975192
9 875712
2 313775
5 48625
3 445436
7 545061
5 499283
8 581077
1 832919
1 147415
4 24342
2 460528
4 900906
4 110771
9 374051
8 936738
1 908080
9 417372
2 167077
4 292477
2 756136
4 197415
1 1394
4 329230
4 397921
6 549144
5 695347
2 870301
6 588177
9 979844
6 631069
4 300841
3 308898
4 112285
3 157290
4 414332
5 451339
7 551133
0 258560
6 85067
8 586715
4 53874
2 947924
3 536140
4 907610
7 400761
3 90076
8 222493
7 672138
2 608342
8 612029
6 598548
0 732872
5 381072
6 308325
7 289946
0 982595
10 945569
5 697819
9 438935
4 798881
8 662016
3 639074
5 242933
3 819554
2 57269
3 661388
7 955804
1 631043
6 174175
2 218491
1 871361
2 201682
3 381654
6 321945
7 58652
2 141962
3 40065
9 261266
8 868537
8 123790
6 666382
9 367821
1 481104
9 40772
8 493727
2 29509
8 13447
7 741553
5 569778
3 413268
6 957338
1 418252
2 788589
6 602441
5 966324
6 982015
7 500348
4 106028
4 261787
7 7722
8 593617
9 946854
2 177487
2 79877
3 194566
6 785692
8 612126
2 621716
4 377747
9 788359
8 409469
9 539558
7 532941
4 192835
7 935536
4 264439
9 282592
9 783414
7 372422
9 23047
8 94378
1 728937
4 498250
3 420009
0 983438
9 492131
6 972806
2 663534
6 948799
3 767079
2 398383
4 16475
8 38516
3 651868
5 675357
10 304814
5 188070
2 513427
10 422043
9 565617
6 226556
8 251602
2 478339
7 166484
7 695184
1 919491
6 762718
6 978529
2 372626
10 907074
3 2072
3 434916
7 651748
5 145169
5 103953
4 556985
2 162248
1 36734
4 190748
2 280005
2 283737
8 72574
7 565299
10 660577
10 443795
8 338447
9 127523
6 797714
7 345531
8 370636
4 11548
4 549650
6 519174
1 66992
1 462896
4 378382
5 842239
4 610492
5 225255
10 904002
6 922784
8 612342
0 956360
3 826
9 490301
3 931653
4 442524
6 517376
6 188762
9 878721
6 631342
9 952221
1 416367
1 758951
3 752098
5 667730
4 106503
8 964443
8 43423
5 473756
7 594467
2 70276
7 857711
6 663286
7 964468
6 642534
7 161840
3 832083
4 521452
7 715080
5 703731
7 64364
5 282268
8 142136
9 364262
5 316530
8 630722
2 283678
3 464083
6 80994
1 531033
4 730691
3 44856
7 662116
10 944236
4 27315
6 394451
7 646312
1 342059
5 596902
6 335633
4 398327
5 462799
8 329029
8 47765
10 665737
8 703739
6 534485
2 441069
7 623689
1 794632
5 225281
1 352963
10 941925
2 646776
2 926692
3 86015
1 706112
10 522228
3 478380
4 57042
9 275512
3 917672
1 531622
5 576883
2 409023
7 807480
9 699677
1 30383
2 241628
7 140502
3 568313
2 976114
3 943271
8 735099
4 23548
6 935364
7 142203
4 966972
8 603608
3 889931
0 444823
7 894306
2 832156
6 758248
5 634048
8 714754
1 739811
2 369370
1 378239
2 698812
4 30994
7 704358
3 532719
5 994099
8 603124
10 424589
8 365917
0 945077
7 375210
2 956525
4 292157
4 822745
10 632855
1 652467
4 943138
3 108843
4 346711
10 796830
8 660122
4 729086
1 171418
5 477476
5 738878
5 879963
1 82052
10 591615
8 9395
10 343642
4 855114
4 505838
2 582408
1 435496
2 851103
9 139780
10 844766
7 978796
5 805683
7 492966
9 35669
9 951093
8 586498
1 884365
9 985807
7 696821
4 122648
4 424178
1 851438
6 850661
3 963869
7 487404
3 925423
8 366183
6 176438
7 208699
2 857266
8 294310
3 532852
6 268072
8 864178
5 206128
5 202286
5 486945
5 765201
6 404577
0 398887
1 4104
4 920419
5 319550
3 694916
3 51082
3 407296
8 730935
8 955786
8 596496
3 16162
8 714136
6 104008
3 378872
6 896887
8 452584
9 169095
4 97494
0 938770
2 311802
4 330443
7 780800
9 215669
0 819519
5 910225
1 601860
1 78414
3 446399
4 523331
4 660476
6 726534
3 331884
0 841375
3 501414
3 341308
5 349709
4 677820
10 388326
1 112209
1 157603
1 351229
7 602867
2 738729
9 125716
5 533689
5 288561
10 239660
5 288297
9 41436
3 608929
1 151820
9 713162
6 274712
1 239425
0 450289
6 933476
10 263875
8 462700
3 772169
1 336384
5 528818
8 386730
5 775901
6 653020
8 208696
4 55342
2 718176
3 944430
7 169021
6 470665
2 580463
7 727934
4 43142
10 797034
8 327196
5 138459
1 415138
9 265892
3 127638
2 269386
6 601163
3 551203
5 623466
7 87420
2 736279
2 634921
5 574100
7 566034
6 123792
8 432043
7 461810
8 932012
8 54134
6 694768
4 888633
6 169619
5 550323
2 965312
10 847129
2 176930
2 747024
5 596889
7 197012
3 218856
0 860253
8 112408
3 929674
3 571386
9 954744
2 420402
1 52660
2 501593
3 966018
9 657731
5 176090
10 977914
8 684184
3 678586
6 133093
2 755259
6 656501
6 459323
3 216255
8 729457
1 215734
9 938664
5 862140
1 705591
6 91330
1 62790
2 865889
10 974734
4 310463
3 54864
6 457949
7 343639
5 345947
2 178506
1 824951
8 511889
5 718088
5 514763
8 906772
8 941060
9 507467
7 522096
8 551815
2 610419
0 485719
0 398915
1 362531
8 303685
4 821314
7 518203
7 813226
4 321391
8 567387
3 453752
4 472167
3 763373
8 388640
1 367538
2 410039
2 775926
6 234352
3 777779
4 126768
3 408141
9 914523
10 977201
8 578742
5 971979
8 786193
4 621036
2 138479
8 50583
7 6951
2 254298
1 568749
4 549392
8 62682
6 797854
10 343197
5 434560
7 526577
3 262829
8 895493
5 53230
1 256432
1 212881
5 629040
9 180182
0 487271
9 743859
3 769279
6 185398
6 526335
6 400
7 390603
7 967063
10 7440
3 498973
6 199937
7 544542
4 911774
7 776919
4 908992
7 455860
7 812131
5 137009
7 277243
5 354224
7 47624
6 507049
3 157644
2 448097
4 785923
7 684076
2 127129
5 679389
4 180022
1 482660
9 533919
7 784262
4 76593
4 556852
0 43670
7 631104
6 982934
5 915315
4 16487
7 480194
0 249565
3 399156
8 296853
5 59583
2 675488
6 641996
9 248481
6 601744
3 993143
3 281815
6 116133
8 235491
6 940101
1 444097
1 46443
6 377725
2 874519
10 765802
6 349758
1 19529
6 141380
6 479711
8 835045
1 51135
8 646569
2 328657
7 299887
9 20306
3 345801
5 329189
0 507596
10 968664
10 605429
2 654191
3 233485
6 240482
6 642182
1 153988
7 212322
8 408489
8 498846
1 285473
0 68996
3 711203
9 262925
1 468791
5 564437
2 646339
0 485319
5 141093
9 738805
5 614807
8 6042
10 26918
9 783993
3 759849
2 644016
8 394709
1 727471
1 395823
4 457968
8 319011
5 259500
6 671194
9 535472
7 217876
8 285750
1 360237
10 517149
6 185005
5 37348
3 928001
1 313073
6 886159
8 820398
0 263053
8 718410
1 39377
6 736990
4 722546
4 885314
6 748519
1 959747
1 384128
6 858116
1 209678
5 391918
7 649232
3 628845
10 559985
1 795074
10 592285
1 420097
5 888344
1 716418
0 700344
4 152295
7 677614
5 797746
8 897719
2 302368
2 197793
4 298103
9 91
2 610878
10 619716
8 912141
6 992671
1 344626
1 868800
1 216233
7 776924
7 71777
7 488379
2 324361
3 280391
3 156522
9 32149
4 585810
5 74141
6 430316
6 755259
1 406715
5 892382
4 746726
7 623576
2 527459
10 698767
10 376910
5 910663
9 337994
5 193921
9 452766
9 901986
2 63085
10 908721
6 914789
5 475906
5 899520
8 277867
4 671645
8 580953
3 437320
7 338260
8 928519
0 878954
3 946976
8 946744
5 891249
2 73502
9 364742
1 661706
2 303289
6 693343
3 58023
3 683110
5 522527
7 350171
5 702880
5 495453
6 94988
1 740387
2 855693
5 108207
9 32458
4 910354
9 51000
7 38258
2 251059
10 554659
9 507564
4 428888
1 877797
9 366932
4 774672
9 949812
2 382137
6 712755
2 900722
0 372830
4 739604
9 144171
5 956116
0 967590
5 84470
5 525348
4 992493
9 112027
3 558547
6 788915
7 770333
5 761984
8 313112
8 592509
5 836966
2 674562
5 871002
2 395056
8 787014
2 529720
8 305911
9 722323
7 787296
3 344663
8 945915
6 641279
8 698234
5 825550
1 558263
0 712775
3 373782
4 551040
5 222458
10 942100
0 971921
2 132231
7 348664
9 496923
6 357734
7 743499
7 548467
0 212172
2 931114
3 668783
5 315027
5 151355
5 461116
1 757844
5 719648
1 743885
3 758998
5 937028
2 581793
0 267918
7 271973
2 169058
6 819584
2 698238
4 929716
6 506409
6 937814
7 188738
9 825637
0 132760
5 860502
6 708996
4 564974
6 537095
1 565024
9 604516
3 361718
4 214950
10 224842
8 100128
7 216415
6 541362
9 817886
3 16107
6 756869
6 710033
4 407588
7 216525
1 573780
6 883256
7 553626
8 559377
3 133344
7 947121
2 559396
10 368003
5 598853
7 516542
5 513243
3 693347
6 143323
7 84625
2 330493
3 886581
5 585179
8 460927
3 253300
4 251615
5 429031
5 893116
5 515361
1 797045
2 643572
5 516573
5 128504
4 357054
4 758629
1 26477
3 998206
7 600795
5 113399
8 716881
8 825055
7 699806
10 337895
2 281334
0 499197
4 672966
5 399646
10 19564
5 944790
10 678539
6 797673
10 344764
5 621502
5 772834
2 735768
9 736000
10 140094
4 905001
9 357122
8 530289
6 699091
3 167510
6 372316
4 198861
9 299606
3 571841
4 662726
5 2150
9 945326
1 868902
3 691348
3 168034
9 284696
6 183727
4 803101
5 987863
9 402338
5 483969
9 746619
10 474809
5 716728
2 151730
4 999576
5 479053
2 191172
7 178251
2 729560
2 404362
1 315101
9 751000
9 472555
4 920571
5 562727
7 252684
5 861025
6 316509
8 286079
3 941719
10 983664
7 387895
10 249468
3 833690
3 208828
7 4746
7 262390
2 553331
4 553676
2 752810
1 617922
4 176556
3 931065
7 293574
3 293618
7 332067
7 856218
8 337366
9 121958
4 82088
1 445204
10 374092
3 387368
6 351733
3 787257
9 556124
6 556845
9 926552
7 22969
7 377889
6 101219
8 287793
10 710378
1 46678
1 614089
5 804889
9 311001
9 689204
6 685450
7 54728
4 877824
1 788458
10 237059
6 287217
1 277296
2 495370
7 276556
2 306678
7 527338
3 709823
1 277386
5 288613
8 83430
1 75546
3 641539
9 301360
1 154770
6 283419
3 952150
0 552176
5 382565
1 327718
8 972984
8 627277
1 462475
6 609834
6 601841
2 245368
2 543231
2 33995
9 234913
8 294196
9 483486
7 489528
4 249111
7 169645
8 298894
0 364178
2 559423
7 686923
1 381478
9 983040
8 458295
2 83357
2 323305
8 117606
6 194105
9 882339
0 426498
4 959484
5 995726
3 637940
6 231626
2 203298
5 500241
3 829738
4 646489
4 133323
2 790818
5 427384
5 507345
1 858362
6 501788
1 894432
3 654593
3 89420
9 697947
1 650981
4 854964
3 104689
1 485136
7 264641
2 152229
3 796379
8 559095
7 889363
4 478474
9 943935
1 149656
2 721668
7 607959
6 108159
9 67286
4 493805
6 785606
8 790776
7 809019
7 273352
6 612133
1 753974
4 930805
5 88827
2 17873
2 644447
4 143308
1 150800
3 407313
9 316473
5 838189
3 688067
7 306377
5 498563
3 1898
9 668404
6 94484
7 698201
1 724009
1 923435
8 653417
5 489222
7 757131
9 447142
9 15036
8 576341
2 835425
9 887555
6 339859
10 281386
6 708758
1 501149
6 808543
6 345739
1 99528
1 89479
3 258305
1 193548
6 39180
8 687583
6 646305
10 50208
6 291463
6 23692
9 672027
8 560674
2 819448
6 19765
3 140686
7 802112
2 503329
8 852392
4 899696
8 835433
5 566065
4 343595
4 430226
3 190238
1 413863
6 701049
4 425881
8 927704
2 848558
9 877265
5 940533
9 175942
3 858906
4 67256
5 937338
4 282364
7 447832
8 114235
9 320965
6 977579
10 202650
9 842848
8 785077
3 195361
5 565309
9 589505
4 57082
0 443213
9 9664
5 449312
1 372205
4 868063
0 582844
2 9158
2 258887
9 411614
9 517704
1 586473
8 967563
2 699895
7 873429
9 243192
6 124843
9 561526
5 411301
6 94463
4 445127
5 319248
7 162667
2 681624
6 581679
2 249225
6 396136
9 428975
5 449209
5 852679
5 941040
1 453889
1 599969
1 834355
3 74190
2 249788
1 485422
4 932386
3 426950
2 11505
7 685493
1 994046
6 619678
8 622584
5 437441
2 941966
6 580542
4 574028
4 46389
5 525309
3 755764
8 334042
8 9533
4 455
0 668310
2 938291
4 936072
3 135721
4 532060
7 820213
3 594876
10 184648
4 878489
4 150913
8 671943
1 722384
5 402898
9 208173
4 69656
6 489700
4 487214
4 544102
2 829883
9 639166
9 106395
9 970966
9 12949
5 28013
6 75479
4 634729
3 114513
6 452227
3 844290
10 695821
3 852377
1 966393
0 296860
8 386691
0 405255
0 683823
7 262565
9 465650
10 435552
2 701503
9 696034
1 336551
4 478156
3 44391
4 732848
9 353833
1 527299
9 773586
6 78065
3 82459
9 903507
7 652919
7 434597
3 532278
9 732662
6 18473
5 928483
4 636353
3 619235
6 745591
9 738067
8 492766
7 345684
6 457874
2 384139
5 139452
4 680081
2 372723
4 388051
4 881578
1 623979
6 427946
5 254843
8 441012
3 682556
1 583966
2 988416
1 447398
9 989076
6 446149
1 595779
9 40380
2 365679
3 601805
7 287402
3 602502
1 652552
4 316374
3 330706
5 892318
6 887498
6 483332
8 763721
5 97231
10 167940
0 972361
1 425942
4 575616
3 277391
9 770295
5 13421
4 307734
2 408420
5 559392
8 115119
3 324982
8 564147
7 627444
7 437545
6 637006
4 470293
1 254273
1 674732
4 426212
1 79830
4 969138
5 730560
9 529197
5 2237
7 323582
5 250464
1 474645
8 439425
7 74251
10 669573
2 597206
4 460337
3 920220
0 234286
4 996898
7 696264
1 189351
4 704332
3 363558
10 788909
8 118224
1 692348
6 935881
6 173230
10 620157
4 847995
0 114562
9 27091
9 685869
6 343648
3 499096
10 469750
2 811286
2 368697
1 367743
4 341227
2 97056
7 589480
0 870212
2 144563
7 914275
5 781886
1 452568
4 983024
0 280972
2 93662
3 283926
2 574268
4 343883
7 643444
5 704438
8 673498
0 610036
5 413555
4 964108
4 487661
5 822685
6 643593
7 771980
9 912691
5 626128
5 181848
1 425216
5 675847
7 413930
8 501573
6 537600
5 715179
3 5094
2 339139
0 637003
6 378135
5 42697
7 161113
10 151332
1 271359
6 259538
4 917286
5 552503
1 843709
4 5320
1 786676
4 677962
6 34510
4 679892
1 873548
8 499294
8 569095
5 967102
9 60482
7 857437
7 733648
2 13767
1 475501
3 934049
4 711391
9 948308
5 280323
8 478547
5 812146
6 383584
10 736737
3 60358
1 177291
8 798436
6 758151
8 865900
9 792156
9 942495
2 403344
6 809844
4 887884
2 658772
9 19446
3 980169
3 64790
5 768570
1 991174
0 686551
3 719239
7 913231
6 303373
4 631623
6 606098
1 497281
5 373876
3 974616
6 618765
6 127468
2 863715
7 306943
2 118824
7 192255
3 421730
7 809223
3 397358
8 476280
5 570586
8 109312
7 99937
4 954318
6 191248
3 610838
6 697327
3 159287
8 312929
1 311795
9 333948
0 768811
4 165561
7 382722
1 636101
1 304890
1 701794
6 23989
6 312013
0 91193
1 45588
3 371733
9 625717
5 862516
8 574394
8 471967
5 76806
4 670927
1 591986
3 592401
9 868089
5 983141
2 798950
3 391494
1 993182
9 113641
9 17880
1 714288
8 26062
0 388093
9 880306
7 34528
1 944620
3 681574
5 432376
5 812629
0 570241
1 226144
2 866339
3 288999
4 455444
5 832305
8 834851
4 482256
3 301608
6 918868
9 55136
9 411876
1 238827
2 995758
6 160032
8 814798
6 549912
3 494299
5 2962
6 875510
6 670578
6 89495
9 873848
8 739168
1 547849
6 908856
2 333009
4 827255
9 688707
6 272282
8 620071
2 225328
7 481019
1 857554
0 844919
1 662379
0 618775
4 435945
5 417728
0 851337
1 713663
9 572499
8 425094
3 210251
4 425020
8 935500
3 909306
7 233678
4 690182
0 109660
4 257788
7 33810
10 887270
7 57568
6 159733
6 820870
3 12441
10 623923
2 836977
0 342312
6 203634
3 727075
2 506133
3 550354
9 192848
1 132429
4 279012
1 17367
4 518974
0 952220
7 958378
4 868671
8 583221
4 266193
1 436053
2 252247
7 879162
4 507741
8 650408
1 614912
1 979431
8 509997
10 310282
8 304482
4 111110
8 356450
9 842336
9 267454
10 401825
8 430576
8 268902
9 861737
5 128593
5 309055
7 973335
2 53973
2 551440
5 393075
3 559914
10 520964
3 163841
1 422264
7 265312
0 424746
3 441985
10 265793
1 628676
3 880844
7 424924
0 635162
8 377347
7 389225
2 707616
0 613209
1 735241
5 747503
6 678908
3 143881
1 610934
2 215899
10 86482
1 877282
4 372480
5 953515
10 260797
8 14544
1 165987
4 995433
1 580060
2 47041
8 984987
9 290182
4 8258
4 534490
8 947634
8 567094
8 788272
3 316451
4 488756
9 53096
8 622124
2 801784
9 423793
6 308449
1 920371
1 230563
5 91655
3 700983
3 952681
6 53007
3 33528
2 288352
0 981627
9 819941
9 914664
7 127832
6 711729
8 229324
3 646182
5 283213
5 635775
4 223377
4 913908
1 48296
9 110439
1 280837
4 571300
9 156540
4 243261
7 298879
8 603466
6 996383
6 922974
8 709219
7 619328
2 101770
10 575257
7 722950
8 78954
8 437424
4 475904
9 848626
3 713089
3 248379
8 703466
9 78138
2 841908
5 493324
4 63394
3 384897
0 550050
10 131271
4 565700
5 428876
5 924925
4 781093
7 288183
2 613024
5 815363
6 523453
1 707246
0 885596
3 817606
6 864659
2 828331
4 932917
6 445692
3 131984
3 698010
1 657130
1 693263
5 819961
0 129759
2 83439
9 443813
0 657214
8 725445
7 91391
2 436423
7 413326
6 524564
6 614728
7 744007
7 715299
6 863254
2 204330
0 971100
6 393123
1 275118
5 98797
9 628224
2 123994
5 515885
6 197182
1 389857
9 394704
8 43946
7 578421
5 193038
7 51739
2 538792
8 461989
2 383645
9 958620
1 289386
2 754299
5 367369
6 530010
1 534496
8 575403
2 472422
4 162122
9 87032
5 410497
4 981004
10 828966
1 824408
9 780777
5 536562
4 363946
10 876957
2 578179
9 383883
1 196370
10 596449
5 458525
3 149031
2 562370
10 636716
5 937613
0 116179
4 459790
0 728443
7 84779
2 208357
10 866560
4 980132
10 958462
9 129150
6 992086
4 787291
8 178311
1 372376
1 581199
5 681862
0 278351
8 56778
2 540176
6 703931
5 735750
8 792758
7 404387
4 127746
7 819721
7 38186
5 417079
3 624074
5 655074
7 650316
7 238836
10 190935
9 144966
4 590838
4 557250
6 434728
7 647377
7 991098
6 116331
6 33803
1 549837
6 34520
8 935184
1 466492
3 136935
8 363256
6 735489
4 335637
8 395150
9 966102
2 847311
6 871646
2 649532
0 754700
1 112781
7 446111
3 176754
5 285079
4 557164
9 178010
2 189083
1 331532
10 846854
3 964538
10 833791
0 269899
4 803835
7 518588
8 102532
5 477259
1 496119
10 244910
8 795237
4 205068
8 673711
6 36998
1 933031
10 632791
8 569627
5 326710
3 264723
3 59033
7 335486
1 968677
3 761399
7 437220
9 631227
3 791512
7 243633
10 712856
5 138460
4 897867
9 535870
1 669377
2 17004
2 45358
5 792492
8 239658
0 574120
4 690391
1 890113
7 490171
4 665996
3 526924
2 30626
4 734855
2 600993
0 602198
4 949536
9 485712
6 564196
6 341455
5 374110
5 197166
4 832796
7 63697
7 625875
4 11215
3 301834
7 820491
5 511995
2 960408
10 89848
9 639874
1 900059
7 335680
6 243936
5 507373
4 620814
8 176069
5 813782
7 666182
5 593361
2 87360
5 814173
9 68522
8 317372
8 846666
3 845526
5 60218
5 126826
4 500006
2 391982
2 630515
1 849820
6 909881
1 66566
5 809184
10 768982
7 959898
9 322975
2 42925
1 27001
2 873476
7 403500
3 633120
2 871834
4 353647
6 542628
1 566953
1 386088
3 500999
9 695859
4 323930
5 595139
2 716791
9 313246
6 489839
0 98495
2 48259
0 927222
4 260175
10 618955
8 683164
1 574215
3 165054
1 114075
4 550591
2 319605
9 597664
9 344485
0 235050
8 405536
2 978270
8 43593
2 660898
8 791132
1 635810
5 83188
4 254115
8 104632
1 739117
8 279491
3 538474
5 276990
3 859782
6 734180
7 373122
2 376451
3 998718
5 854919
9 288615
3 413663
1 158423
3 449917
7 628431
2 136830
7 793004
9 541062
10 452999
8 86449
7 717965
9 790150
9 413270
5 429161
6 311815
4 682739
2 50859
8 340253
3 91512
8 864172
8 231801
8 954325
2 993776
1 272286
2 670932
2 153673
7 944311
6 961342
5 753955
3 713909
2 546957
6 761720
1 114187
1 576350
8 974807
2 169886
2 671055
7 266709
1 395320
10 113186
2 87340
9 729617
7 511468
7 483986
4 852221
8 98512
2 50934
5 587685
4 447145
4 170418
1 285406
9 899149
4 301549
9 605157
5 911987
3 772077
9 495471
0 118511
8 878767
2 995851
9 416079
8 188879
8 986566
7 344376
2 825153
2 46951
7 348907
8 511471
4 44542
5 967934
3 42224
3 77316
6 216637
7 135860
8 528354
1 400501
4 846886
7 599509
1 681332
1 580205
5 85388
4 89473
4 500539
10 883037
8 454585
5 715904
5 842204
7 279061
3 980098
5 816463
10 751324
1 981556
2 931730
3 474007
3 226009
5 135019
9 631664
3 473553
6 496296
3 45966
6 36900
1 718038
5 149461
5 601034
6 52947
1 372409
10 683854
0 766947
3 785813
5 255586
0 323296
6 316852
9 189318
7 249808
8 174070
7 177567
7 814763
4 746918
7 56523
3 42273
6 619985
9 401094
3 593334
5 143177
0 44833
3 707577
1 386458
7 328685
8 810092
7 176912
3 364783
5 839598
9 146890
3 124251
9 634543
6 428891
3 413613
9 343225
10 414503
5 719576
8 307367
9 183937
1 887947
9 945205
7 127015
1 804606
5 53521
9 467526
10 794817
2 616373
8 906936
8 715837
10 593710
0 190826
2 535576
7 442558
3 827255
9 149759
2 958043
3 439560
9 859285
7 806703
7 790666
8 109780
6 240281
1 579756
9 73005
1 538651
10 877515
7 445250
5 834384
5 959884
3 455981
4 951773
7 233486
8 760121
4 567155
3 564095
5 353030
2 417013
1 252609
1 356520
5 981581
4 15222
9 919514
2 325185
2 964503
5 234912
5 835056
9 838861
4 956103
9 957235
8 656812
6 997767
6 654984
9 881357
6 706094
1 919934
7 854650
5 797545
7 941318
9 224659
8 891386
7 410863
2 838404
5 232561
3 321449
6 859987
0 635263
6 651795
6 909596
8 325683
4 647383
5 769933
3 260989
10 373482
1 611548
8 421053
10 678496
1 925074
3 264738
7 247578
4 77432
2 2953
3 615216
7 26365
8 39762
2 642858
5 612855
6 78616
6 339800
8 618518
6 175720
1 33106
7 523444
5 873255
4 779951
0 462286
6 372953
3 802965
8 69964
1 160770
6 339335
4 785002
9 196010
1 85761
8 274339
5 597516
7 836125
9 228921
4 44112
4 623751
5 109494
8 939242
10 856533
4 985860
5 838264
2 466427
7 384264
1 2748
8 864844
3 744331
3 15551
1 616480
3 381710
7 683977
8 814797
2 681796
5 480757
0 495691
1 24949
2 263247
2 379227
4 809878
0 193724
5 334496
1 29240
3 615980
2 255703
5 524309
2 67966
4 289133
3 152334
3 803772
8 315458
5 224073
8 821866
6 259255
7 277194
0 845801
7 641246
4 345674
2 358346
5 16561
7 652015
2 264557
4 746807
2 108638
8 152235
3 361467
5 172020
5 262533
6 486469
9 687301
8 996623
7 600019
1 115854
7 117997
2 347956
1 411637
1 300297
5 677190
9 246455
4 588139
3 974821
3 956336
1 937958
0 815427
6 652099
1 776839
3 886969
8 302504
4 433198
9 488719
10 137899
7 61985
7 458576
0 550342
5 1320
6 12688
9 381350
1 283750
1 272258
4 423831
3 694879
5 950124
1 437569
3 470387
4 996682
1 539898
6 579417
8 919106
9 520734
4 922076
1 931885
9 214747
7 520158
9 247265
0 297763
9 486048
6 332356
2 748967
6 782524
6 240969
4 208603
4 337648
8 552549
8 770733
3 240138
3 632140
3 574591
8 532203
5 962784
9 322871
8 543553
5 28116
3 472126
1 11491
9 455582
1 954721
2 131277
8 921402
1 533512
6 636337
4 203272
8 123725
4 461712
9 16369
6 990108
5 173253
0 137333
6 724317
9 310471
1 298895
9 395019
2 988300
0 398180
5 543163
5 412091
6 412635
4 553374
5 495224
2 751248
2 889994
2 128481
6 512052
10 247808
6 167682
4 680990
7 572205
4 198525
9 837552
9 375072
3 156769
6 559011
8 769101
8 964064
5 801987
8 106800
1 255273
9 935859
9 218115
3 777072
6 390502
1 653234
4 119035
2 628084
6 450519
7 571138
0 157147
1 143329
5 293469
5 862978
5 608081
7 827456
7 51852
5 37935
0 699762
5 302988
7 634834
7 381335
7 730345
8 364860
8 810453
4 300114
9 369570
1 699811
10 887246
4 905405
9 788049
1 227675
0 264835
6 414274
3 509037
4 271574
3 373009
4 202642
8 127199
2 14075
2 768817
5 591425
1 288918
8 946319
2 411214
1 697914
10 578664
5 267165
6 382797
9 934443
3 205968
9 439380
8 578141
10 986355
0 637520
9 359897
7 128295
7 351313
9 568933
8 851190
8 580945
9 771990
3 880690
9 430772
6 105785
4 144145
1 472826
6 565875
9 244631
1 732151
4 122853
2 870320
4 975801
10 773976
8 761479
4 950622
8 112300
1 807666
10 810640
2 858360
6 303331
9 301353
3 478382
9 355832
0 158681
3 418827
5 155116
9 452046
8 265487
7 2695
5 305797
7 916055
5 116944
7 107155
4 502531
2 724691
4 222459
2 662439
10 492163
5 651705
2 918796
1 102924
10 443365
1 455370
1 651749
3 40968
4 767767
0 371554
9 747853
0 318486
7 159644
9 869312
3 945689
6 18313
10 748713
10 876015
4 206297
8 267364
7 510546
8 929062
5 572236
6 913646
6 329160
5 961193
5 94817
6 409133
9 356281
4 676437
3 99050
1 480549
6 561848
0 723733
6 305823
4 420081
3 620257
1 125250
8 580857
2 78063
10 526902
4 666435
9 329952
8 889649
8 589524
9 204828
8 810084
9 517523
10 688917
5 104662
6 875844
1 942656
7 953503
8 254301
6 930789
3 85169
7 242327
9 373519
9 103209
1 287301
4 80991
5 567679
7 915857
3 240543
8 945055
2 335821
0 969166
1 188949
9 35453
8 489706
2 407487
6 490664
7 940439
7 690839
8 187875
7 869699
0 828594
0 562500
0 420962
0 939984
8 67446
2 583826
10 303439
6 833730
1 412204
1 222964
10 411689
5 16130
10 159164
10 16329
0 376091
3 618432
4 908299
4 550996
9 205533
1 871419
1 829577
3 557274
8 781666
3 471315
1 577531
0 568461
7 292424
7 960163
2 248616
2 854844
1 624349
3 452700
2 25883
0 588956
9 983248
10 291750
3 405499
8 449126
8 262709
7 464194
0 149649
6 118354
4 930021
8 859508
9 360346
6 385546
3 449009
4 702944
1 318689
4 806128
8 509339
7 745347
1 984081
5 129088
6 581801
1 41670
8 297970
7 947457
4 569117
0 400190
1 686607
1 279284
5 571801
3 834484
0 407386
1 36110
1 38600
10 600175
2 633272
10 585996
4 821047
9 648487
7 419861
9 868119
7 901664
0 578647
5 949607
9 765976
5 815335
8 421148
3 697729
8 696226
9 33392
3 833927
9 414354
1 620200
2 829938
3 543465
5 67403
8 935111
2 399936
9 112863
3 140769
6 951995
6 248608
2 368907
3 932314
1 917412
1 121656
6 70162
2 746206
5 785941
9 995855
2 648133
9 124144
7 200507
5 899540
9 103503
8 509988
5 387551
1 582513
7 389503
7 992333
9 924099
8 304914
5 864433
4 19555
10 583740
5 264580
6 645359
8 231865
3 718565
4 432420
8 945041
3 804892
6 884071
5 815346
10 724091
2 949340
2 664095
10 416284
6 240419
8 461240
5 902779
6 410799
5 327987
1 467329
7 800612
4 309866
5 486898
5 760093
1 581585
8 128313
5 116862
1 367002
7 688469
0 828483
8 476065
9 248465
9 713281
7 558616
1 197467
2 269045
10 519930
8 455523
1 444570
0 836452
7 266106
9 31041
10 38681
1 852857
0 281432
5 411835
9 139704
3 873060
3 8897
10 952057
2 312487
3 614024
3 466630
2 988399
1 60765
7 210331
8 937018
9 757081
2 160721
9 860077
3 840219
9 742283
2 376200
1 755736
4 999085
6 975576
8 387610
9 444535
3 752543
6 55872
8 16534
6 12857
4 624453
3 909420
6 78091
5 739220
3 504977
7 559390
3 443075
6 110347
5 551497
7 424568
2 141904
0 344865
6 266100
7 916694
2 592404
3 819174
7 456674
7 355986
7 283473
8 39992
3 38642
1 474354
3 496643
2 58142
3 884358
9 25872
7 897571
5 468078
6 177214
2 274008
8 79509
5 387702
3 977464
4 375157
9 390754
8 63001
10 956823
1 928010
6 628143
2 992029
3 508851
6 208284
8 428589
9 712768
5 692164
9 858347
7 440726
3 649399
7 713503
9 51271
3 608657
7 661519
8 907690
2 398842
8 149872
7 190829
1 421498
2 123058
8 59337
7 149821
6 58476
3 260645
4 221806
1 947013
9 991751
4 920129
4 464375
4 293236
10 301848
5 860989
5 131319
9 683532
3 546545
1 914420
6 13230
2 699173
2 819808
3 15246
3 712507
1 524345
9 6835
8 864506
2 777205
3 322021
7 192228
1 492250
9 185294
9 363562
4 428343
8 240072
6 11353
1 56565
7 320834
5 932911
6 357727
9 265502
5 138427
7 259660
3 882177
3 569678
4 403965
9 632099
3 504065
1 353027
4 173733
10 41702
6 121094
9 870301
4 462120
7 683825
8 418637
5 684159
0 518630
2 368835
6 103693
9 117702
9 914281
3 989686
9 145490
6 616981
5 644426
1 565491
4 854773
0 168011
3 705017
4 630606
7 883813
5 162815
3 849360
9 988774
9 479155
7 359043
9 482372
3 101847
10 569147
2 827682
8 899386
4 632619
7 518281
5 33400
1 326534
10 911311
7 630370
2 442048
4 469728
4 345225
4 732597
2 299855
1 529284
1 41113
2 422469
3 478846
5 887218
6 159778
1 809707
8 533015
6 924228
7 772446
3 835093
8 359780
10 673422
4 238447
2 498322
8 111264
1 267804
7 373717
1 576879
1 249911
7 388542
3 929672
9 667975
1 892995
8 171082
1 151973
5 635572
9 840527
3 276096
6 438720
5 794532
0 931115
8 82334
6 367602
3 413916
5 620289
7 208385
7 611533
1 371473
3 925835
6 820391
7 512317
2 41334
10 134662
9 432742
0 331852
1 746962
8 915740
2 158781
0 450427
7 361377
4 733627
6 618556
2 31624
2 886690
9 707140
9 960644
3 923376
2 94974
4 307671
0 705082
6 814688
4 562511
7 541706
9 364436
4 917578
3 679442
3 512063
4 50033
3 693746
2 466847
10 502383
7 520405
4 395524
5 283292
5 979409
9 378949
1 440614
7 752879
1 157583
2 377858
1 890173
1 496811
1 20487
5 35348
2 549750
3 500526
8 943665
9 23199
3 462625
4 198422
3 313363
7 31665
0 815070
10 608194
4 785693
1 68758
8 523072
4 96834
8 80793
9 400963
4 20041
4 610311
8 456472
10 592392
6 15037
2 448964
7 255902
0 349430
0 241055
2 920648
7 173873
1 127878
2 462885
9 453648
6 136144
8 709658
6 264088
8 1413
6 936431
2 206075
9 382622
3 821123
8 25545
7 194700
6 614635
9 958131
8 97231
3 946878
2 555974
6 18305
4 365225
1 952913
1 700930
9 60307
2 676070
7 201947
3 667749
1 689834
9 852208
8 923575
6 570449
7 687862
3 909903
9 748217
6 806471
9 754909
6 46502
2 493290
1 779687
0 203363
2 541574
3 32196
7 328309
4 679900
10 966470
5 953174
7 877223
9 250022
9 346815
1 965036
7 584277
1 426745
3 172478
8 256817
5 64
3 975482
7 399545
9 268386
3 10718
2 577124
2 838826
9 579028
5 83270
1 681386
5 575434
5 871038
8 83073
8 132416
2 313956
3 175368
6 182860
6 398723
5 793758
2 856336
7 632926
5 489439
2 668947
8 42453
0 412002
3 888958
2 497531
8 460379
3 28330
10 91971
7 734291
3 879049
7 990478
7 570942
4 871920
3 621002
4 717423
1 258046
7 124940
10 847939
7 907438
1 873603
3 300938
1 577540
8 635312
7 683042
2 753651
2 638579
1 697430
8 514421
7 562426
8 21365
5 974251
7 118540
6 332598
3 330531
4 829712
4 203678
5 261305
5 297218
2 817089
7 726974
6 363275
4 557675
4 210847
7 274501
1 1120
2 155308
8 134009
8 612050
9 114669
8 473211
7 300578
10 738668
1 793857
0 554205
9 642541
1 24960
9 89728
5 15431
6 340984
2 268216
1 208049
5 14503
2 30860
0 746367
4 480102
7 974282
6 198920
7 602815
4 755154
8 23273
9 44366
0 144173
7 109163
5 358704
2 321732
2 882928
10 14224
7 989292
9 935541
3 407077
1 363314
9 564751
2 306261
6 408755
10 994846
7 249055
8 777092
7 453898
1 611574
2 844496
1 581121
8 324954
5 238375
2 623569
2 138370
8 18696
3 613445
7 575711
8 702267
6 731147
2 157435
7 25927
5 625078
9 411664
3 415059
2 832335
3 761832
3 718203
9 113712
9 619664
9 782253
8 455802
8 233613
8 755722
3 410258
3 830308
9 734026
2 27893
2 860530
5 99380
7 830074
4 226663
1 991701
7 452809
7 964680
1 93226
2 945692
1 204169
0 870175
4 338199
8 292717
7 625846
6 364094
8 688469
1 951499
5 9466
4 773690
3 169212
3 404231
3 783761
6 133718
7 78107
2 975795
10 771895
2 551985
7 358790
1 196792
8 920291
2 387232
9 330562
9 519900
6 80985
2 133857
7 981390
4 909097
9 679539
5 158018
9 281240
10 71281
7 350540
6 679649
9 222761
3 349811
0 872730
6 644918
7 546354
6 549509
0 985778
3 383653
9 356666
3 212654
5 920745
7 196279
1 87528
1 115489
8 726259
5 264786
4 522377
8 4783
0 722438
4 532266
4 827187
6 843978
1 664593
8 445551
6 802950
8 88445
8 448735
8 705470
5 814723
4 759385
4 440929
8 419282
7 104287
8 335913
6 762512
7 299787
3 443444
6 734842
7 113223
6 805668
10 334975
10 897709
2 964256
3 367584
1 218308
3 754572
3 203289
3 94553
1 386907
4 584103
2 563504
9 605145
4 574431
2 39523
8 418634
3 878029
7 416684
2 359891
4 776071
1 266397
7 246384
3 536295
6 550068
4 70798
10 927800
5 452463
1 447051
2 314917
7 688263
9 269341
6 45101
2 618824
6 153606
8 573145
5 899602
2 314225
10 44549
5 56451
7 757119
2 196260
5 241060
0 751821
5 209513
10 556350
8 171742
7 87521
9 370339
9 390662
4 735248
6 284846
6 405553
9 928685
5 210782
5 866596
10 552
1 876481
0 864698
8 296226
5 95600
2 19118
10 210245
4 17202
5 471638
3 76834
7 127469
7 412095
4 18549
5 959448
10 300327
10 450952
3 767869
0 813562
9 678021
2 48459
2 22009
8 507080
1 917603
5 399442
7 161993
0 445566
1 14868
5 812231
1 965768
2 865000
8 580573
4 809417
10 519093
1 995422
6 469014
1 515540
4 51055
0 740038
9 715986
9 601229
9 276237
9 764282
9 993165
6 303332
3 75571
7 139400
2 35941
3 290569
3 597902
1 935052
6 751727
4 394236
5 114306
3 405495
1 965783
1 473486
5 207178
7 663856
7 11584
6 934730
10 126138
7 989035
4 622763
3 674679
3 392763
3 159775
7 833656
6 466569
8 986211
5 460415
4 845490
7 59081
1 691727
2 252874
5 65237
4 507513
6 444098
8 259382
4 774165
5 506714
6 748065
0 950504
10 133122
5 745322
2 507738
9 682976
1 481587
8 550834
9 847032
7 481890
9 137505
8 345039
2 753165
5 611761
8 154953
8 679348
8 625251
4 330999
3 746662
4 869551
9 60005
10 474330
8 328425
1 499524
4 456612
2 757686
5 392421
8 313436
6 272768
6 950097
2 666493
1 265969
9 13948
7 307126
7 266404
1 750087
10 287911
5 910364
2 798106
10 271898
4 506490
4 807526
9 617055
0 92117
9 66686
0 97676
1 701595
4 603683
7 93107
9 356114
5 847452
1 465049
0 73771
7 43453
3 140368
8 758678
1 971324
7 793417
3 913894
5 694283
7 641678
3 723903
9 649394
5 626331
5 642127
1 165813
2 525273
7 405349
2 760948
7 454219
9 572465
6 332571
3 850541
5 676367
3 643226
3 237435
7 796120
1 521058
9 650237
6 447486
2 701996
4 623950
2 783073
8 670201
5 627486
4 53293
4 659055
2 56272
4 454470
10 830638
7 615525
5 963876
10 718631
9 631057
0 600561
5 193469
2 486418
3 57391
0 369185
6 712628
7 609744
2 133065
5 942077
8 140477
5 940474
3 908012
1 533828
4 511225
3 336716
6 322210
6 407778
5 86352
6 542947
1 721394
3 364451
6 234969
9 276024
6 669450
4 820636
10 651887
8 99084
3 952040
9 686124
7 432921
1 915388
5 915973
8 495157
7 776969
4 164124
2 538871
2 499603
10 334391
5 50212
2 873641
4 680888
7 471220
9 390131
4 762307
5 887735
0 968732
9 905809
7 963715
5 556711
4 927921
9 48604
7 89643
4 722644
3 898391
3 685403
9 993866
5 275919
1 501213
1 228877
2 508687
1 673695
4 65263
7 43917
7 673466
5 562072
7 46585
7 212291
9 849698
7 16239
3 250308
4 987538
6 367151
4 355632
6 124636
8 522152
3 595597
10 741140
4 646464
3 699064
5 586682
5 11381
6 568125
0 149472
9 680453
5 465087
6 44829
9 789036
7 721072
5 546625
9 912296
8 454484
5 776262
9 641683
3 134135
4 472645
1 505002
0 440167
0 188492
0 243948
6 568003
0 573314
7 413496
0 172426
10 725516
6 482077
5 581043
9 524232
0 516969
0 723803
6 218439
7 46730
9 667000
5 174230
3 447440
6 430171
4 612389
4 831846
9 360218
5 943981
2 794439
2 181632
7 201785
6 829718
7 611324
7 325224
4 878406
7 282704
7 174952
0 334526
8 561530
4 104368
10 266849
0 535801
7 406773
4 357349
3 137621
10 681278
5 657488
5 605364
2 44511
10 215300
9 652441
8 569889
8 671585
8 92047
2 507136
9 285685
5 827077
4 851864
2 488320
4 87191
2 62428
5 913232
0 351189
1 7818
1 107550
9 287396
10 158833
3 424185
2 266841
3 172706
8 353459
10 27310
6 170483
2 135678
2 98906
6 452804
8 525567
9 835824
3 164000
10 152094
9 761555
2 501274
3 866262
5 336702
6 714630
3 612219
0 845526
6 77612
7 745448
8 499217
1 686972
6 891764
2 934842
3 813377
2 663119
3 397700
5 251990
7 75470
3 114308
10 872388
6 839593
8 760988
6 237207
9 791271
10 810586
1 628177
2 300863
6 683554
2 200919
2 246091
2 559837
1 884771
4 972930
9 929685
9 383958
10 18667
6 213856
10 538984
1 374216
0 290413
8 923996
6 849356
5 484334
2 923195
0 39074
3 449928
4 417545
2 320204
5 581315
2 377159
9 818114
9 784069
3 83789
10 940627
7 27123
1 875740
6 682525
6 448036
1 422059
1 744883
3 520959
10 786491
3 609741
6 13791
3 361212
9 67061
2 992099
3 46862
3 546763
7 789675
6 474357
5 687664
5 711023
7 235366
7 335141
10 795620
1 876355
1 42909
7 528042
2 164349
7 838068
8 176866
9 934168
0 653690
9 977909
3 744099
4 335220
3 617441
7 901600
9 365746
8 126613
9 958846
10 544934
8 61719
8 40184
2 395854
4 642973
4 854744
7 396014
8 768198
1 706877
9 550974
0 652891
9 468304
8 902888
2 404209
2 276953
7 328073
10 478010
8 620752
7 198039
2 543578
5 626914
10 911938
6 373276
5 469673
2 944590
10 551355
2 227433
1 366590
3 859294
10 643803
8 989589
1 430518
1 690305
9 563010
7 195618
8 690212
4 225033
6 765147
0 876046
5 601669
3 960004
7 435163
7 198805
2 422884
1 400261
1 672975
7 586406
4 700733
4 61701
4 176553
6 577075
5 452011
2 70887
2 628912
8 949379
2 870647
0 506867
5 246067
8 879864
4 643140
9 879525
7 192955
8 153254
8 204243
6 389000
2 824380
8 694725
7 514917
1 860706
6 957997
7 943800
4 194601
8 500476
9 636369
8 839379
1 89822
1 864372
3 85136
9 435458
1 611173
4 687682
1 824315
1 417042
5 420696
7 467647
4 139769
1 35809
8 301697
1 944433
10 371883
7 235034
9 293033
5 874896
1 728459
9 983323
3 419886
9 743662
10 578884
4 86672
4 603071
9 306056
3 436587
2 998393
0 578902
3 107404
3 86820
5 396438
7 911649
10 373258
5 566793
6 547644
8 430611
8 915048
7 955204
4 728438
1 673854
3 945722
1 178180
6 221532
7 170618
1 949879
0 288671
6 658132
6 644450
6 2942
7 926322
3 725212
4 469081
5 183899
8 914861
8 507352
7 959079
5 976140
3 204031
5 982705
9 327314
0 800926
5 613090
2 442599
8 391257
6 78015
2 82924
2 854324
2 360161
4 457982
2 393796
7 436618
0 285135
9 120763
5 555759
9 967401
8 4160
5 284952
4 328775
2 593266
6 664060
2 322384
6 579558
2 160286
1 151483
3 122533
7 432186
3 335643
1 14898
6 601265
8 419506
7 39626
5 709660
7 498459
2 92352
5 957521
8 248155
2 859051
3 793640
2 150929
9 587080
10 842010
9 554328
7 38043
1 333865
9 751793
3 318312
9 262409
4 604282
3 436801
1 953260
8 219712
6 113273
10 449376
8 754434
9 262110
8 831017
7 611854
8 398521
1 849652
5 786285
1 883231
9 554507
0 168311
3 849096
4 670946
1 608629
9 984159
1 574714
8 982330
6 210429
3 753220
3 441023
8 60246
1 596947
0 256529
1 61295
8 397455
0 902086
9 279934
5 204401
3 274228
2 908166
4 108164
3 704484
4 213756
4 946723
4 852697
8 592127
7 999865
2 905560
2 882967
1 29048
9 151588
4 549096
5 880426
8 878361
5 999109
2 609038
9 285012
3 992421
3 755626
8 352408
3 153528
1 550287
2 229646
5 583961
3 699498
5 26852
3 72264
0 290020
1 33992
10 625640
4 703937
9 380754
8 876985
2 257331
5 315297
2 237951
8 258762
7 396027
7 586537
0 25287
2 480906
5 395296
6 19881
3 968154
2 856399
10 96027
6 29699
1 60048
8 998368
9 808123
2 184773
3 902575
2 677013
6 998066
4 247256
2 636089
1 514229
5 264391
4 902859
6 167995
3 35486
3 433080
5 326785
2 155760
0 848457
10 854938
5 979956
0 451648
4 967970
8 236953
9 280053
4 966219
6 556771
3 589692
10 41901
2 157625
9 601670
6 122747
3 831742
8 603724
4 294565
4 170284
0 629912
7 364058
5 137905
5 478699
6 446461
6 88710
0 44107
1 438442
7 784247
8 81086
8 948455
9 92010
3 94033
9 771643
9 705030
2 168
4 616123
0 309600
5 285183
2 298410
2 253063
2 229659
1 548093
4 525696
1 367936
2 400772
3 102941
9 57508
3 652794
6 713980
5 32228
10 225230
4 461746
6 216361
8 495763
7 453919
2 253239
6 648113
10 484871
6 462
2 36059
10 589806
1 246328
1 124176
9 963594
6 676834
2 145572
1 771874
9 470873
3 588097
9 988714
1 109421
2 598933
0 765947
0 72882
4 481824
9 401021
4 74425
2 484428
8 633877
2 575188
8 852828
2 414529
7 273402
7 717785
7 71620
3 511718
5 309104
9 842405
8 547749
9 540869
9 345083
3 58797
3 426363
3 868169
3 264033
5 556283
6 385987
2 541620
5 981147
5 286215
2 274182
5 986578
9 700782
7 987993
10 130706
0 585884
1 257888
6 453188
9 805232
6 664107
4 376257
4 172286
10 626627
10 645434
9 925605
6 758599
7 830852
9 404727
0 509528
4 793868
5 704480
9 81301
1 966366
4 990084
4 650906
4 874930
7 614991
3 812069
7 636232
2 593630
9 327567
3 955341
8 721904
9 972736
9 761308
2 323790
8 641098
10 34821
8 331257
3 401715
5 625904
3 9968
1 756132
0 164725
6 942337
8 585950
0 259255
0 924065
1 840198
9 507821
7 756610
8 748873
3 874828
10 796477
7 614046
3 360915
10 807775
9 105700
3 805669
4 646325
9 543418
6 987225
2 555452
5 178878
0 808565
7 83351
6 794082
1 399335
6 532067
8 516648
8 13096
10 345376
2 131474
8 996262
6 348317
8 76674
1 163764
9 410380
2 974635
1 189623
2 47185
0 924356
6 144163
7 66259
3 811224
1 854061
2 449783
7 751906
2 81752
9 833956
5 146144
10 606073
0 758370
6 49447
7 610110
3 121138
4 90973
5 553035
10 272711
3 553354
8 112596
6 933801
6 604625
10 260692
1 635537
7 859753
6 987211
1 892075
6 267812
4 262568
6 551141
1 822518
10 156963
4 184263
8 314645
2 478705
8 418261
7 555322
2 203417
2 449547
3 454314
9 423809
5 784200
5 526242
8 623135
5 405007
1 794086
6 66366
3 961689
3 371100
4 797569
6 326539
2 921952
4 650448
7 553363
8 658181
5 326509
7 255966
8 923047
6 710903
2 733
0 912153
1 403531
1 38057
10 788567
4 900297
0 615410
7 748978
4 908945
1 991387
5 329211
2 102447
5 859875
7 986262
9 861577
5 185911
1 327234
2 632534
2 923417
10 74991
5 805280
7 937807
3 252050
10 117798
6 885938
2 148736
6 609382
2 238607
7 423870
6 915440
8 978137
5 405406
2 34379
8 410818
0 38178
3 655854
2 631158
5 424289
7 254957
5 326187
6 960938
3 699488
4 162107
1 377586
2 342044
5 35452
6 670225
8 964564
2 63910
4 920826
8 483875
7 639876
2 154565
4 720618
2 958820
1 840503
8 473141
4 685043
4 981554
4 549231
10 334419
2 299974
2 703129
9 276363
0 122448
2 748537
6 209321
6 756085
1 600277
4 503393
6 459180
4 2031
1 872816
4 319213
1 73970
7 616569
4 209872
4 144905
7 808551
9 498336
0 186380
2 725098
8 787222
3 342569
1 846869
7 910443
6 836063
6 578742
7 851187
6 946230
3 493803
1 640061
2 808520
0 258881
10 533250
6 709330
8 256738
1 509830
1 75308
7 335731
3 994095
3 936338
3 627616
9 567050
5 720315
3 248756
8 629844
6 491868
1 194100
8 603781
7 337668
3 336265
6 364085
3 423236
1 127461
2 509550
8 180272
6 77894
10 553735
8 243569
0 42985
5 705888
7 741354
1 720101
2 96355
5 685236
0 944564
0 830890
7 823394
3 530010
6 354854
7 964836
8 649662
8 229680
3 489700
8 466873
10 512582
10 301167
7 744199
5 663082
8 603413
0 73132
0 937647
3 596543
5 738936
8 972043
3 937081
7 868487
4 69857
7 829530
5 689809
6 229252
3 82980
7 480587
9 246983
6 813601
4 104173
6 172125
7 610213
8 164906
5 759159
9 551432
2 483288
5 442750
6 99158
8 254047
7 261010
2 458471
8 348422
5 360601
1 837179
9 433176
6 480686
0 242144
1 63769
10 622764
4 81571
0 563489
7 943311
5 204477
0 203961
1 464111
2 886532
4 69525
5 173403
10 186130
4 617267
7 416309
6 550540
0 668898
7 556674
3 288766
8 707625
10 879745
1 768802
3 454384
7 726141
4 900392
7 799521
5 266403
6 572554
3 38570
3 990858
4 404742
3 759238
9 484390
2 102768
6 640176
1 947599
6 280964
4 324368
4 16305
6 200428
10 628848
5 6668
3 93838
6 840522
5 793801
3 698835
4 151718
3 122587
7 137416
1 320006
7 489637
5 175481
5 40144
7 548700
6 226457
1 921799
8 736244
4 761850
3 239071
5 931855
5 330193
10 105482
7 136238
8 419077
1 514081
5 529090
4 411927
2 833851
2 755528
8 865708
4 172690
9 762854
4 975650
6 289752
3 83605
6 90887
5 986615
7 734618
0 427318
1 632264
2 208302
4 102101
0 420715
2 688765
1 433613
4 345653
1 183749
6 241201
0 661956
10 759511
10 4965
4 731616
6 270443
2 55727
6 798248
5 643155
10 42317
7 61135
6 895321
8 334635
4 822156
9 116278
1 568531
8 836840
9 817376
1 508340
0 928455
2 567589
5 815567
2 520097
2 90847
0 172588
3 837192
0 926933
8 757472
8 949113
5 993182
5 23944
9 605346
6 559543
1 566956
6 515164
2 128917
1 991785
4 590399
0 846944
3 829726
1 973617
0 433332
5 817513
1 898063
0 297977
1 175994
10 544760
4 781167
5 766241
8 784084
6 124255
0 282485
4 706499
9 355883
0 559553
5 86539
2 273892
9 960984
6 796808
9 853910
5 990010
6 840176
1 945719
9 280895
4 228402
9 985996
1 18862
