10605
22950
27051
9323
26810
17792
4942
18030
10038
13384
26228
16264
22315
14574
26961
27250
3298
29579
29368
15879
29633
9920
28482
17577
23537
8398
26685
22435
7650
9564
28841
21980
15846
8481
18190
15163
26057
28928
18919
65
18722
23588
5463
28446
6006
8740
5139
13186
12291
29580
12989
28712
5331
29446
8428
21293
8511
2791
24424
15606
29209
19305
11196
9680
20291
2866
15839
23980
16078
15482
7168
24165
7421
22111
18959
13806
9185
6756
8362
20026
23837
15007
15492
25399
18048
18753
24552
18919
19131
17321
12686
23989
1528
25410
9999
14031
15483
6903
1673
11716
9870
1368
12731
9370
29777
26128
20028
27023
2478
2371
26172
9501
21992
20557
21568
13956
14237
26558
21244
28126
16474
23016
12745
1956
17497
29981
20612
20162
26070
912
23362
23993
12469
18738
10975
29704
6880
21062
11082
13206
1459
17980
14831
9642
8770
1534
20312
23684
4508
12379
22195
22805
18260
12684
7273
3211
18405
25902
550
29015
25876
28988
11333
20708
19274
20752
803
5463
16932
29391
14107
19743
4569
25682
9579
13808
7595
25605
5091
5271
7693
28646
17678
29956
12300
10153
28606
18192
6723
10525
24479
17153
23232
28518
21429
3790
18305
25723
9855
5960
6957
16612
13026
12918
23375
30070
14055
24960
5454
18079
6620
19798
18009
11106
21802
7162
15657
30061
14259
19335
14415
2205
9461
3278
4487
28545
28144
9565
19744
11883
24842
7084
27944
14660
13768
7365
26927
20840
26384
14916
12409
17605
1900
19334
9547
19166
16715
25433
17131
7165
8470
9022
14226
568
19238
16294
24885
16960
15563
28203
27464
17942
5733
21856
29480
27562
15357
24958
813
15016
14932
23254
909
15142
9145
11356
24307
24417
10107
27611
7146
11462
22793
2204
11482
27995
26511
11750
29747
12070
586
28379
12938
16460
25308
27512
7914
16979
10921
21359
8821
19049
29772
1873
2777
26376
21495
14147
26705
11944
8840
17354
9493
4207
3535
17625
14237
25877
3311
12704
6945
23677
17899
24907
27727
15007
9363
13444
4385
28950
18393
18222
9959
12795
8174
5611
12093
22448
16347
14093
21628
22708
18334
13970
20705
875
11977
25771
4337
21960
8950
3833
11370
8487
15735
8335
7138
13457
27967
20719
23884
14140
21926
2195
16032
22951
27994
27090
20174
28255
9924
10562
24206
26247
14928
13325
13885
26860
14243
4104
28887
24649
12840
9734
23199
29658
17764
19639
27287
19984
8557
16596
29350
8351
2464
1750
27372
23074
25902
19445
18555
27200
30085
1506
5662
22866
4424
29489
25347
12489
5499
4933
22560
12705
17023
15825
7543
14760
28659
19192
19071
7395
22713
23624
7818
10586
28573
10844
8976
6211
25508
22888
25583
29488
2169
2573
8999
27613
26046
26364
12026
17963
9342
25469
13256
4831
24722
19551
29805
25639
10396
19192
27109
17884
29017
20796
22919
22932
19414
3136
2051
325
24591
9449
1619
4452
10371
27212
2294
1799
1805
15692
23218
13963
17264
24672
8304
22459
14399
14194
26260
20970
22919
11453
12299
28955
20257
14710
16881
9628
10053
14781
17438
29983
24185
12181
26054
10094
4909
19011
