100
93517092697405393 1685174152645421743168853
253243043282775931409879 50864265143236091161059453498121472563641834308009626730196552002500945555416737973956313797386
566886371728132485391658354931165630099078572412 245768566218313261484941955402592005819120610179063831196492782509591823592429372154909942409525
998797470299936293967110359074432963753422524056858065631189710403884552895284824149123883725955 2378285401511847595079799177967517955636080982996811687709665163912676204399227822259640595
949014540913190473780509667237262942458 862462582019744575085019770776337751
7711069578316482 965526552857207223850862247594395571371772417377318986202852694693708875203311
556812199298371414753114435921913481634056802347333641134878 419985249044909901427182839992970
6579583827387814953809239959444319772590013421281846144570866115270988 57086901572655217086310100689997147082621534049264077416973064833859
6053028776872951076882220068806343176246833202471531888 40372969659349586937774082813006534552924076629563586307101455689146946623491646
751220117003745 19382762567488388156
50649852851 15942018164620055507815860290187853370873226084337924671
30973616110075309215190137329484595190418 23616337276707240279224513672062063696559
734487666850100606179947605213906130554566080333046904412 3651514595666105097147216575325576
55910375219225901160433696299928586514496648080097354810777430016135242837096300857308316 2903
76649109457531502934295757 87907138077552934761465254280184802086487007246381075933080703
3467475180036925957145393918750554324313246378354626410 7477308440415431198517527328499206617137938736944244546456523764210502491547931341
789929947280872068779905583245773669276069935273 913374844886205693095304003277711686204201718559854
135950333689606646837601397944 67608253778087624689310736163385469057316747060065596945074220141
689706993829221976988874499898868 190888762286094
56603862772970493097299729 103664796211536679612969262997438083308
6013026169312616796318507812184973634451589561201047752769162023 5135431998234246435702563870238035341990562948660334466912422705636388389648550606
57701161392985 386350034445
397740175038729576522951489246449 3808835301235680041
5562844751509802 996126900693709870224889640987917823842122429718290795725538756
8399564522084287263134733 5930216987421210706291334899082792652123774945805897551810823681
1354462185715514387360359833294053859695997382808136623031614740780173567274675697304371699 8400775288594237
5487238137264656047423593992542383733005116679140351115135933050 755806
9983624385046042253338475489943147382153083656524208709780905688324 5979874269267374567788598067477027364626817576793749140711869850172822
5733443791516370481805356719649500033460972640802616739226677 4
92925901239640841 4945285386121453531894580910370553846944913396653657704817525270275605680429397603453420338
64628087067550486698392 23351334263818657954476001
192478213302851708134503224439192878114841850384 264604841052850065568292
744378703293573694516424320736972878317675423419871994224306036988764215121332109983448821673915 1650834015961161476818347773906887208095350685347643863
577137994657620311432 1911429413861022757367088773465739317358775031836710043498603303
7355151174633006 1815270687971947534153404801930219743370648593103478284407455218
89610269828713010498039403698578198980201599205939649642 6989206307351711
52294801094858383380505246478046733301264126341312631139214518847856 1643356760383584278027706914202365263648716155890
8640981939281203584109408751321881654357772746023232876637177194264620592186217341691755338 3612108342004815962686425863
17451877890280919063463354502982728297979080138404140347563482251083240 7235621381211758390639951483397627652072525025876294433
1427264763071017824584713990266954572968005702111935727573864899075730153237 869601166817606926789145104630082675
31584519917757364678352780523977539974673 774158237701606706730592883386549756149743747296600823088365013354884295872201530887594117
342618231692240437790065066850714882552347412 3873274354711751083408104226537418351311254671760337829353359012094
4140033517551765172764773 160597353
253931716900830838291443622114871350517844369941572825070837968 97130544511413699261321987726497
3101135289116031779415128423390358639922628109011996424850 233644424121365847711827229245080067183348672889218953188991750
246461825202034366709 4446224919813411549943799176857135980925145416
8700185687319909454414999890807968446710488305035244984035991374585587697759 65910711050948
7335502375710354253194594937717814371009037131531983961867 783690855984061267852843687920927216976207399569
6184340789832770572024585982 510322487359261831893312439788136399344936871
5860427057950912148 8180971840890663369726158932510759674296866486927165408388695659845498959697
949927673752364469696765184505100554905931424727945657821379132358 217800886672001850221004
4336165696262059784206835 4321085168713950850958385895570904255269760469100397162552577418093801126351410678733025552040351
9423433330277414164206180310287 120780
9407064311628092966208522345453887909493477223990019487269472752838487542167808181328 521991976108300587955875874366567680552346492756954
74424775631077329025004481604528041722418 307494782126737787653495244855903060979464475113912449595269040756005903189504
2223499535074006601130645476609940599522942008428756282553233623194 338630351011930008769172872264726333861871160647751588454177726864399
85783040538766439207967331714 218939836657771667685689834450375857453393432744504444827379402355870816244
3236820216617253 8304011574748070906602616323580404835518355572402386574859787648436947584240935946
7475843972760926907839944308523034402771749878566651796100557826152371588028 459569452501042752605960198190499677135744946086
82313327306797931802476330835717847677775497721251731810269587664931967 689231408715427179695700002240956574742186780052321418363923183905760737482
266008368209166087499617 59615737131026425509889517994013
7831126982168174396504185360803310 347662870951778899239925563137192342305888270466444569175794
88966448386475937263778362666180113962592204434 1849650824762100811652074020171593660938846682871457473088859523761693782018391
15786880828067772579414615883014212652989983692979382302285532375041094718645792971864527146155703 4718590400919170954571335348252135910792771854565677528448244929
5402631717417874629611809183702332531051878 5325906365116383685998716695544509688377245971647955750269439995511750464364534030
4234412885349558990767403258771730149027628917530075902513376 34328233886333780632645587054148212067950247
800175195473507153254003301550229676632124059580715977587057815421 5557523102035050806861731397612508967178244500103
64892002259653875567023674113345161536071011083547560433159947881637000499180400518 72110699854786005787256505395872480321417755109690108043432727004177417682547958146271
7452490542949170733285782561114308420854865163350996466135135589503 19353405243450155709794744565560578669353720482999084611803124837457095018009213354399589921612252
3447889497660549960677951927695976989579512635030278093 9604674821715160095643192945300369174562616686585687417022753080953357104426496252
17157195590900176435676767491354245216052869389713027957779359776684725 7343133545831455484479421
4163 62867206287051900827031248441812625071235073463624396372273752398275061066330428127220
44 272669917978249220329463576395417830094
99074181922258728970306833442559603011413379048020597579 9587055905242571625786479518267382333486986467473473475175236536996944379275513587400
933935043749884001214585561673 30164340165389696
110631859495785234232925444024246473272645258704466849078390897150889199080043231403764396 971588138898265564212404538264145298330863914286652404492
7419950727999616758533 405204572159189615903288556165841413008012155147244242308826
7201 9440550705497858822955108468909189105374188
30755998806444850353832575926170544836781970848151296867 75429529733420500099
25696106221588332758746560105 1180862538025220104992459374526784343577
7677829558773775876870979863051 29146649879621665239008476623093684559768458508145505842780147481
89647681575985957941696425378841850169391961402955908189263535479307888251784 1152176
886026790927369582929486773355413711704598517396 1942468469222
4151851838544778126 495641511152247129211001398017323856496710301576582088442337992
7213590129852598116950773210916751850605899310096345896155079184183497281612047588673368 8349460882809186162287041258415011303151413514589613
713 83
725778678028537159991279714104955 428294433597632765258187845795832878417425704919053481809716830925336826103691773710644
3668050367781870821001762765426431337740564 4371916337229639797455486271779
85980853047944792252488 47463073612390265517993455969166664893877270635348058286431186431548705670860
5739735852828 49819256958465645859654740398433773886214530091377136454366728949000295
5953002366 6745350113818
83407 266
4243405273410004052366285 72874159716713122729410856
1169243 6392257519196106759029923411426686483053133917660333583596080159074960471
8754614849151414623267544442461427630246309746378845221812370 240204393083721690927674050
350417 3
624799364767475334 370934593195870493039315119243294121790775228260520367341117273412562245982624475
613307344159726 9101881884081956336297874795619539638185350767360256118909832465960014815485
532741757111752889559 439575130941589266134518436794912491388381403213792691765088332367101370582617144854591081298231511
996232998210829174766959072117051193 80572538574
