-1685174059128329045763460
-50864265143236091161059453498121472563641834308009626730196552002500945302173694691180382387507
-245768566218313261484941955402592005819120610178496944824764650024200165237498206524810863837113
998795092014534782119515279275254996235466887975875068819502000738720640219080424921301624085360
948152078331170729205424647466486604707
-965526552857207223850862247594395571371772417377318986202852686982639296886829
556812199298371414753114435501928232589146900920150801141908
6522496925815159736722929858754322625507391887232582067153893050437129
-40372969659349586937774076759977757679972999747343517500758279442313744151959758
-19382011347371384411
-15942018164620055507815860290187853370873226033688071820
7357278833368068935965623657422531493859
734487666850100606179943953699310464449468933116471578836
55910375219225901160433696299928586514496648080097354810777430016135242837096300857305413
-87907138077552934761465254280184802009837897788849572998784946
-7477308440415431198517527325031731437101012779798850627705969439897256113193304931
-912584914938924821026524097694465912534925648624581
-67608253778087624689310736163385468921366413370458950107472822197
689706993829221976797985737612774
-103664796211480075750196292504340783579
-5135431998234246429689537700925418545672055136475360832460833144435340636879388583
57314811358540
397740175038725767687650253566408
-996126900693709870224889640987917823842122429712727950974028954
-5930216987421210706291334899082792652115375381283813264547688948
1354462185715514387360359833294053859695997382808136623031614740780173567266274922015777462
5487238137264656047423593992542383733005116679140351115135177244
-5969890644882328525535259591987084217244664493137224932002088944484498
5733443791516370481805356719649500033460972640802616739226673
-4945285386121453531894580910370553846944913396653657704817525270275605680336471702213779497
-23286706176751107467777609
192478213302851708134502959834351825264776282092
744378703293573694516424320736972878317673772585856033062829218640990308234124014632763474030052
-1911429413861022757367088773465739317358774454698715385878291871
-1815270687971947534153404801930219743370648593096123133232822212
89610269828713010498039403698578198980194609999632297931
52294801094858383378861889717663149023236419427110265875565802691966
8640981939281203584109408751321881654357772746023232876637177190652512250181401379005329475
17451877890280911827841973291224337658027596740776488275038456374788807
1427264763071017824584713990266954572967136100945118120647075753971100070562
-774158237701606706730592883386549756149743747296569238568447255990205943091677553347619444
-3873274354711751083407761608305726110873464606693487114470806664682
4140033517551765012167420
253931716900830838291443622114774219973332956242311503083111471
-233641322986076731680047814116656676824708750261109941192566900
-4446224919813411549943798930395310778890778707
8700185687319909454414999890807968446710488305035244984035991308674876646811
7335502374926663397210533669864970683088109914555776562298
-510322487359261825708971649955365827320350889
-8180971840890663369726158932510759674296866486927165408382835232787548047549
949927673752364469696765184505100554905931206927058985819528911354
-4321085168713950850958385895570904255269760469100397162552577418093801122015244982470965767833516
9423433330277414164206180189507
9407064311628092966208522345453887387501501115689431531393598386270806989821315424374
-307494782126737787653495244855903060905039699482835120570264559151477861467086
-336406851476856002168042226788116393262348218639322832171624493241205
-218939836657771667685689834450375857453393432658721404288612963147903484530
-8304011574748070906602616323580404835518355572402386574859787648433710764024318693
7475843972760926907839944308063464950270707125960691597910058149016626641942
-689149095388120381763897525910120856894509004554600166632112914318095805515
-59615736865018057300723430494396
-347662870951778899239925555306065360137713873962259208372484
-1849650824762100811652074020171504694490460206934193694726193343647731189813957
15786880828067772579414615883014207934399582773808427730950184122905183925873938406186998697910774
-5325906365116383685998716695544509688371843339930537875639828186328048131833482152
4234412885349558956439169372437949516382041863381863834563129
800175195473507147696480199515178869770392661968207010408813315318
-72045807852526351911689481721759135159881684098606560482999567056295780682048777745753
-19353405243450155709794744565553126178810771312265798829242010529036240152845862357933454786022749
-9604674821715160095643192941852479676902066725907735489326776091373844469396218159
17157195590900176435676767491354245216052869382369894411947904292205304
-62867206287051900827031248441812625071235073463624396372273752398275061066330428123057
-272669917978249220329463576395417830050
-9587055905242571625786479518168308151564727738503166641732676933985531000227492989821
933935043749853836874420171977
110631859495785234232925444024245501684506360438902636673852633005590868216128944751359904
-405204572159189615903288556165841413000592204419244625550293
-9440550705497858822955108468909189105366987
30755998806444850353832575926170544761352441114730796768
-1180862537999523998770871041768037783472
-29146649879621665239008476623093676881938899734369628971800284430
89647681575985957941696425378841850169391961402955908189263535479307887099608
886026790927369582929486773355413709762130048174
-495641511152247129211001398017323856496710297424730249897559866
7213590129852598116950773210916751842256438427287159733868037925768485978460634074083755
630
-428294433597632765258187845795832878417425704919053481083938152896799666112412059605689
3668050367777498904664533125628975851468785
-47463073612390265517993455969166664893877270635348058200450333383603913418372
-49819256958465645859654740398433773886214530091377136454360989213147467
-6739397111452
83141
-68630754443303118677044571
-6392257519196106759029923411426686483053133917660333583596080159073791228
8754614849151414623267544442461427390041916662657154294138320
350414
-370934593195870493039315119243294121790775228260520367341117272787762881215149141
-9101881884081956336297874795619539638185350767360256118909831852652670655759
-439575130941589266134518436794912491388381403213792691765088332367101370582616612112833969545341952
996232998210829174766958991544512619
